/*--------------------------------*- C++ -*----------------------------------*\
  =========                 |
  \\      /  F ield         | OpenFOAM: The Open Source CFD Toolbox
   \\    /   O peration     | Website:  https://openfoam.org
    \\  /    A nd           | Version:  13
     \\/     M anipulation  |
\*---------------------------------------------------------------------------*/
FoamFile
{
    format      ascii;
    class       volScalarField;
    location    "0.001";
    object      p;
}
// * * * * * * * * * * * * * * * * * * * * * * * * * * * * * * * * * * * * * //

dimensions      [1 -1 -2 0 0 0 0];

internalField   nonuniform List<scalar> 
1000
(
100000
100000
100000
100000
100000
100000
100000
100000
100000
100000
100000
100000
100000
100000
100000
100000
100000
100000
100000
100000
100000
100000
100000
100000
100000
100000
100000
100000
100000
100000
100000
100000
100000
100000
100000
100000
100000
100000
100000
100000
100000
100000
100000
100000
100000
100000
100000
100000
100000
100000
100000
100000
100000
100000
100000
100000
100000
100000
100000
100000
100000
100000
100000
100000
100000
100000
100000
100000
100000
100000
100000
100000
100000
100000
100000
100000
100000
100000
100000
100000
100000
100000
100000
100000
100000
100000
100000
100000
100000
100000
100000
100000
100000
100000
100000
100000
100000
100000
100000
100000
100000
100000
100000
100000
100000
100000
100000
100000
100000
100000
100000
100000
100000
100000
100000
100000
100000
100000
100000
100000
100000
100000
100000
100000
100000
100000
100000
100000
100000
100000
100000
100000
100000
100000
100000
100000
100000
100000
100000
100000
100000
100000
100000
100000
100000
100000
100000
100000
100000
100000
100000
100000
100000
100000
100000
100000
100000
100000
100000
100000
100000
100000
100000
100000
100000
100000
100000
100000
100000
100000
100000
100000
100000
100000
100000
100000
100000
100000
100000
100000
100000
100000
100000
100000
100000
100000
100000
100000
100000
100000
100000
100000
100000
100000
100000
100000
100000
100000
100000
100000
100000
100000
100000
100000
100000
100000
100000
100000
100000
100000
100000
100000
100000
100000
100000
100000
100000
100000
100000
100000
100000
100000
100000
100000
100000
100000
100000
100000
100000
100000
100000
100000
100000
100000
100000
100000
100000
100000
100000
100000
100000
100000
100000
100000
100000
100000
100000
100000
100000
100000
100000
100000
100000
100000
100000
100000
100000
100000
100000
100000
100000
100000
100000
100000
100000
100000
100000
100000
100000
100000
100000
100000
100000
100000
100000
100000
100000
100000
100000
100000
100000
100000
100000
100000
100000
100000
100000
100000
100000
100000
100000
100000
100000
100000
100000
100000
100000
100000
100000
100000
100000
100000
100000
100000
100000
100000
100000
100000
100000
100000
100000
100000
100000
100000
100000
100000
100000
100000
100000
100000
100000
100000
100000
100000
100000
100000
100000
100000
100000
100000
100000
100000
100000
100000
100000
100000
100000
100000
100000
100000
100000
100000
100000
100000
100000
100000
100000
100000
100000
100000
100000
100000
100000
100000
100000
100000
100000
100000
100000
100000
100000
100000
100000
100000
100000
100000
100000
100000
100000
100000
100000
100000
100000
100000
100000
100000
100000
100000
100000
100000
100000
100000
100000
100000
100000
100000
100000
100000
100000
100000
100000
100000
100000
100000
100000
100000
100000
100000
100000
100000
100000
100000
100000
100000
100000
100000
100000
100000
100000
100000
100000
100000
100000
100000
100000
100000
100000
100000
100000
100000
100000
100000
100000
100000
100000
100000
100000
100000
100000
100000
100000
100000
100000
100000
100000
100000
100000
100000
100000
100000
100000
100000
100000
100000
100000
100000
99999.9
99999.8
99999.5
99998.8
99997.1
99993.2
99984.3
99965
99924.5
99843.2
99687.4
99406.2
98934.7
98211.8
97204.1
95915.1
94375.5
92628.1
90717.5
88684.7
86565.6
84390.1
82182.8
79963.7
77749.3
75554
73390.5
71271.8
69213.2
67234.1
65361.9
63634
62097.8
60802.4
59780.1
59038.2
58482.3
57995.9
57235.2
56132.7
54758.3
53228.9
51634.5
50027
48433.5
46868.3
45338.6
43847.9
42398.2
40991.1
39630.4
38322.3
37082.8
35934.7
34925.3
34105.1
33530
33190.6
33016.6
32932.2
32889.4
32865.6
32851.7
32843.7
32839.6
32838
32838
32838.2
32838.6
32839.1
32839.5
32839.9
32840.2
32840.4
32840.6
32840.7
32840.8
32840.9
32841.1
32841.4
32842.4
32844.3
32848.1
32853.7
32859.8
32862.8
32859.5
32850.8
32840
32840.3
32840.6
32835.7
32838.8
32839.7
32836.3
32834.6
32834.1
32832.4
32832.3
32830.4
32819.1
32825
32794.1
32806.3
32715
32706.3
32431.6
32288
31344.2
30573.6
27536.5
23738
16329.2
11875.6
10917.5
10758
10731.7
10727.4
10726.7
10726.6
10726.6
10726.6
10726.6
10726.6
10726.6
10726.6
10726.6
10726.6
10726.6
10726.6
10726.6
10726.6
10726.6
10726.6
10726.6
10726.6
10726.6
10726.6
10726.6
10726.6
10726.6
10726.6
10726.6
10726.6
10726.6
10726.6
10726.6
10726.6
10726.6
10726.6
10726.6
10726.6
10726.6
10726.6
10726.6
10726.6
10726.6
10726.6
10726.6
10726.6
10726.6
10726.6
10726.6
10726.6
10726.6
10726.6
10726.6
10726.6
10726.6
10726.6
10726.6
10726.6
10726.6
10726.6
10726.6
10726.6
10726.6
10726.6
10726.6
10726.6
10726.6
10726.6
10726.6
10726.6
10726.6
10726.6
10726.6
10726.6
10726.6
10726.6
10726.6
10726.6
10726.6
10726.6
10726.6
10726.6
10726.6
10726.6
10726.6
10726.6
10726.6
10726.6
10726.6
10726.6
10726.6
10726.6
10726.6
10726.6
10726.6
10726.6
10726.6
10726.6
10726.6
10726.6
10726.6
10726.6
10726.6
10726.6
10726.6
10726.6
10726.6
10726.6
10726.6
10726.6
10726.6
10726.6
10726.6
10726.6
10726.6
10726.6
10726.6
10726.6
10726.6
10726.6
10726.6
10726.6
10726.6
10726.6
10726.6
10726.6
10726.6
10726.6
10726.6
10726.6
10726.6
10726.6
10726.6
10726.6
10726.6
10726.6
10726.6
10726.6
10726.6
10726.6
10726.6
10726.6
10726.6
10726.6
10726.6
10726.6
10726.6
10726.6
10726.6
10726.6
10726.6
10726.6
10726.6
10726.6
10726.6
10726.6
10726.6
10726.6
10726.6
10726.6
10726.6
10726.6
10726.6
10726.6
10726.6
10726.6
10726.6
10726.6
10726.6
10726.6
10726.6
10726.6
10726.6
10726.6
10726.6
10726.6
10726.6
10726.6
10726.6
10726.6
10726.6
10726.6
10726.6
10726.6
10726.6
10726.6
10726.6
10726.6
10726.6
10726.6
10726.6
10726.6
10726.6
10726.6
10726.6
10726.6
10726.6
10726.6
10726.6
10726.6
10726.6
10726.6
10726.6
10726.6
10726.6
10726.6
10726.6
10726.6
10726.6
10726.6
10726.6
10726.6
10726.6
10726.6
10726.6
10726.6
10726.6
10726.6
10726.6
10726.6
10726.6
10726.6
10726.6
10726.6
10726.6
10726.6
10726.6
10726.6
10726.6
10726.6
10726.6
10726.6
10726.6
10726.6
10726.6
10726.6
10726.6
10726.6
10726.6
10726.6
10726.6
10726.6
10726.6
10726.6
10726.6
10726.6
10726.6
10726.6
10726.6
10726.6
10726.6
10726.6
10726.6
10726.6
10726.6
10726.6
10726.6
10726.6
10726.6
10726.6
10726.6
10726.6
10726.6
10726.6
10726.6
10726.6
10726.6
10726.6
10726.6
10726.6
10726.6
10726.6
10726.6
10726.6
10726.6
10726.6
10726.6
10726.6
10726.6
10726.6
10726.6
10726.6
10726.6
10726.6
10726.6
10726.6
10726.6
10726.6
10726.6
10726.6
10726.6
10726.6
10726.6
10726.6
10726.6
10726.6
10726.6
10726.6
10726.6
10726.6
10726.6
10726.6
10726.6
10726.6
10726.6
10726.6
10726.6
10726.6
10726.6
10726.6
10726.6
10726.6
10726.6
10726.6
10726.6
10726.6
10726.6
10726.6
10726.6
10726.6
10726.6
10726.6
10726.6
10726.6
10726.6
10726.6
10726.6
10726.6
10726.6
10726.6
10726.6
10726.6
10726.6
10726.6
10726.6
10726.6
10726.6
10726.6
10726.6
10726.6
10726.6
10726.6
10726.6
10726.6
10726.6
10726.6
10726.6
10726.6
10726.6
10726.6
10726.6
10726.6
10726.6
10726.6
10726.6
10726.6
10726.6
10726.6
10726.6
10726.6
10726.6
10726.6
10726.6
10726.6
10726.6
10726.6
10726.6
10726.6
10726.6
10726.6
10726.6
10726.6
10726.6
10726.6
10726.6
10726.6
10726.6
10726.6
10726.6
10726.6
10726.6
10726.6
10726.6
10726.6
10726.6
10726.6
10726.6
10726.6
10726.6
10726.6
10726.6
10726.6
10726.6
10726.6
10726.6
10726.6
10726.6
10726.6
10726.6
10726.6
10726.6
10726.6
10726.6
10726.6
10726.6
10726.6
10726.6
10726.6
10726.6
10726.6
10726.6
10726.6
10726.6
10726.6
10726.6
10726.6
10726.6
10726.6
10726.6
10726.6
10726.6
10726.6
10726.6
10726.6
10726.6
10726.6
10726.6
10726.6
10726.6
10726.6
10726.6
10726.6
10726.6
10726.6
10726.6
10726.6
10726.6
10726.6
10726.6
10726.6
)
;

boundaryField
{
    sides
    {
        type            zeroGradient;
    }
    empty
    {
        type            empty;
    }
}


// ************************************************************************* //
