/*--------------------------------*- C++ -*----------------------------------*\
  =========                 |
  \\      /  F ield         | OpenFOAM: The Open Source CFD Toolbox
   \\    /   O peration     | Website:  https://openfoam.org
    \\  /    A nd           | Version:  13
     \\/     M anipulation  |
\*---------------------------------------------------------------------------*/
FoamFile
{
    format      ascii;
    class       volScalarField;
    location    "0.001";
    object      rho;
}
// * * * * * * * * * * * * * * * * * * * * * * * * * * * * * * * * * * * * * //

dimensions      [1 -3 0 0 0 0 0];

internalField   nonuniform List<scalar> 
1000
(
0.995488
0.995488
0.995488
0.995488
0.995488
0.995488
0.995488
0.995488
0.995488
0.995488
0.995488
0.995488
0.995488
0.995488
0.995488
0.995488
0.995488
0.995488
0.995488
0.995488
0.995488
0.995488
0.995488
0.995488
0.995488
0.995488
0.995488
0.995488
0.995488
0.995488
0.995488
0.995488
0.995488
0.995488
0.995488
0.995488
0.995488
0.995488
0.995488
0.995488
0.995488
0.995488
0.995488
0.995488
0.995488
0.995488
0.995488
0.995488
0.995488
0.995488
0.995488
0.995488
0.995488
0.995488
0.995488
0.995488
0.995488
0.995488
0.995488
0.995488
0.995488
0.995488
0.995488
0.995488
0.995488
0.995488
0.995488
0.995488
0.995488
0.995488
0.995488
0.995488
0.995488
0.995488
0.995488
0.995488
0.995488
0.995488
0.995488
0.995488
0.995488
0.995488
0.995488
0.995488
0.995488
0.995488
0.995488
0.995488
0.995488
0.995488
0.995488
0.995488
0.995488
0.995488
0.995488
0.995488
0.995488
0.995488
0.995488
0.995488
0.995488
0.995488
0.995488
0.995488
0.995488
0.995488
0.995488
0.995488
0.995488
0.995488
0.995488
0.995488
0.995488
0.995488
0.995488
0.995488
0.995488
0.995488
0.995488
0.995488
0.995488
0.995488
0.995488
0.995488
0.995488
0.995488
0.995488
0.995488
0.995488
0.995488
0.995488
0.995488
0.995488
0.995488
0.995488
0.995488
0.995488
0.995488
0.995488
0.995488
0.995488
0.995488
0.995488
0.995488
0.995488
0.995488
0.995488
0.995488
0.995488
0.995488
0.995488
0.995488
0.995488
0.995488
0.995488
0.995488
0.995488
0.995488
0.995488
0.995488
0.995488
0.995488
0.995488
0.995488
0.995488
0.995488
0.995488
0.995488
0.995488
0.995488
0.995488
0.995488
0.995488
0.995488
0.995488
0.995488
0.995488
0.995488
0.995488
0.995488
0.995488
0.995488
0.995488
0.995488
0.995488
0.995488
0.995488
0.995488
0.995488
0.995488
0.995488
0.995488
0.995488
0.995488
0.995488
0.995488
0.995488
0.995488
0.995488
0.995488
0.995488
0.995488
0.995488
0.995488
0.995488
0.995488
0.995488
0.995488
0.995488
0.995488
0.995488
0.995488
0.995488
0.995488
0.995488
0.995488
0.995488
0.995488
0.995488
0.995488
0.995488
0.995488
0.995488
0.995488
0.995488
0.995488
0.995488
0.995488
0.995488
0.995488
0.995488
0.995488
0.995488
0.995488
0.995488
0.995488
0.995488
0.995488
0.995488
0.995488
0.995488
0.995488
0.995488
0.995488
0.995488
0.995488
0.995488
0.995488
0.995488
0.995488
0.995488
0.995488
0.995488
0.995488
0.995488
0.995488
0.995488
0.995488
0.995488
0.995488
0.995488
0.995488
0.995488
0.995488
0.995488
0.995488
0.995488
0.995488
0.995488
0.995488
0.995488
0.995488
0.995488
0.995488
0.995488
0.995488
0.995488
0.995488
0.995488
0.995488
0.995488
0.995488
0.995488
0.995488
0.995488
0.995488
0.995488
0.995488
0.995488
0.995488
0.995488
0.995488
0.995488
0.995488
0.995488
0.995488
0.995488
0.995488
0.995488
0.995488
0.995488
0.995488
0.995488
0.995488
0.995488
0.995488
0.995488
0.995488
0.995488
0.995488
0.995488
0.995488
0.995488
0.995488
0.995488
0.995488
0.995488
0.995488
0.995488
0.995488
0.995488
0.995488
0.995488
0.995488
0.995488
0.995488
0.995488
0.995488
0.995488
0.995488
0.995488
0.995488
0.995488
0.995488
0.995488
0.995488
0.995488
0.995488
0.995488
0.995488
0.995488
0.995488
0.995488
0.995488
0.995488
0.995488
0.995488
0.995488
0.995488
0.995488
0.995488
0.995488
0.995488
0.995488
0.995488
0.995488
0.995488
0.995488
0.995488
0.995488
0.995488
0.995488
0.995488
0.995488
0.995488
0.995488
0.995488
0.995488
0.995488
0.995488
0.995488
0.995488
0.995488
0.995488
0.995488
0.995488
0.995488
0.995488
0.995488
0.995488
0.995488
0.995488
0.995488
0.995488
0.995488
0.995488
0.995488
0.995488
0.995488
0.995488
0.995488
0.995488
0.995488
0.995488
0.995488
0.995488
0.995488
0.995488
0.995488
0.995488
0.995488
0.995488
0.995488
0.995488
0.995488
0.995488
0.995488
0.995488
0.995488
0.995488
0.995488
0.995488
0.995488
0.995488
0.995488
0.995488
0.995488
0.995488
0.995488
0.995488
0.995488
0.995488
0.995488
0.995488
0.995488
0.995488
0.995488
0.995488
0.995488
0.995488
0.995488
0.995488
0.995488
0.995488
0.995488
0.995488
0.995488
0.995488
0.995488
0.995488
0.995488
0.995488
0.995488
0.995488
0.995488
0.995487
0.995487
0.995486
0.995484
0.995479
0.995467
0.995439
0.995376
0.995239
0.994951
0.994372
0.993264
0.991261
0.987899
0.982736
0.975518
0.966253
0.95514
0.942462
0.92852
0.913594
0.897929
0.881733
0.865178
0.848405
0.831537
0.814677
0.797925
0.781384
0.765176
0.749466
0.734481
0.720545
0.708062
0.697445
0.689038
0.683119
0.678434
0.672791
0.663967
0.651176
0.635232
0.61749
0.598995
0.580347
0.561861
0.543703
0.525958
0.508665
0.491847
0.475523
0.459739
0.444563
0.430185
0.416866
0.405157
0.395641
0.38897
0.385032
0.383015
0.382036
0.381538
0.381263
0.381101
0.381009
0.380961
0.380942
0.380941
0.380942
0.380943
0.380945
0.380945
0.380942
0.380932
0.380902
0.38083
0.380663
0.380308
0.379598
0.378266
0.375918
0.372039
0.366042
0.357404
0.345869
0.331695
0.315836
0.300006
0.286373
0.276602
0.27084
0.267854
0.266421
0.265852
0.265657
0.265596
0.265594
0.265631
0.265705
0.265817
0.265895
0.265883
0.265922
0.265736
0.265791
0.265243
0.265186
0.26358
0.262789
0.257245
0.252962
0.234756
0.212223
0.164585
0.133382
0.125989
0.124694
0.124478
0.124443
0.124437
0.124436
0.124436
0.124436
0.124436
0.124436
0.124436
0.124436
0.124436
0.124436
0.124436
0.124436
0.124436
0.124436
0.124436
0.124436
0.124436
0.124436
0.124436
0.124436
0.124436
0.124436
0.124436
0.124436
0.124436
0.124436
0.124436
0.124436
0.124436
0.124436
0.124436
0.124436
0.124436
0.124436
0.124436
0.124436
0.124436
0.124436
0.124436
0.124436
0.124436
0.124436
0.124436
0.124436
0.124436
0.124436
0.124436
0.124436
0.124436
0.124436
0.124436
0.124436
0.124436
0.124436
0.124436
0.124436
0.124436
0.124436
0.124436
0.124436
0.124436
0.124436
0.124436
0.124436
0.124436
0.124436
0.124436
0.124436
0.124436
0.124436
0.124436
0.124436
0.124436
0.124436
0.124436
0.124436
0.124436
0.124436
0.124436
0.124436
0.124436
0.124436
0.124436
0.124436
0.124436
0.124436
0.124436
0.124436
0.124436
0.124436
0.124436
0.124436
0.124436
0.124436
0.124436
0.124436
0.124436
0.124436
0.124436
0.124436
0.124436
0.124436
0.124436
0.124436
0.124436
0.124436
0.124436
0.124436
0.124436
0.124436
0.124436
0.124436
0.124436
0.124436
0.124436
0.124436
0.124436
0.124436
0.124436
0.124436
0.124436
0.124436
0.124436
0.124436
0.124436
0.124436
0.124436
0.124436
0.124436
0.124436
0.124436
0.124436
0.124436
0.124436
0.124436
0.124436
0.124436
0.124436
0.124436
0.124436
0.124436
0.124436
0.124436
0.124436
0.124436
0.124436
0.124436
0.124436
0.124436
0.124436
0.124436
0.124436
0.124436
0.124436
0.124436
0.124436
0.124436
0.124436
0.124436
0.124436
0.124436
0.124436
0.124436
0.124436
0.124436
0.124436
0.124436
0.124436
0.124436
0.124436
0.124436
0.124436
0.124436
0.124436
0.124436
0.124436
0.124436
0.124436
0.124436
0.124436
0.124436
0.124436
0.124436
0.124436
0.124436
0.124436
0.124436
0.124436
0.124436
0.124436
0.124436
0.124436
0.124436
0.124436
0.124436
0.124436
0.124436
0.124436
0.124436
0.124436
0.124436
0.124436
0.124436
0.124436
0.124436
0.124436
0.124436
0.124436
0.124436
0.124436
0.124436
0.124436
0.124436
0.124436
0.124436
0.124436
0.124436
0.124436
0.124436
0.124436
0.124436
0.124436
0.124436
0.124436
0.124436
0.124436
0.124436
0.124436
0.124436
0.124436
0.124436
0.124436
0.124436
0.124436
0.124436
0.124436
0.124436
0.124436
0.124436
0.124436
0.124436
0.124436
0.124436
0.124436
0.124436
0.124436
0.124436
0.124436
0.124436
0.124436
0.124436
0.124436
0.124436
0.124436
0.124436
0.124436
0.124436
0.124436
0.124436
0.124436
0.124436
0.124436
0.124436
0.124436
0.124436
0.124436
0.124436
0.124436
0.124436
0.124436
0.124436
0.124436
0.124436
0.124436
0.124436
0.124436
0.124436
0.124436
0.124436
0.124436
0.124436
0.124436
0.124436
0.124436
0.124436
0.124436
0.124436
0.124436
0.124436
0.124436
0.124436
0.124436
0.124436
0.124436
0.124436
0.124436
0.124436
0.124436
0.124436
0.124436
0.124436
0.124436
0.124436
0.124436
0.124436
0.124436
0.124436
0.124436
0.124436
0.124436
0.124436
0.124436
0.124436
0.124436
0.124436
0.124436
0.124436
0.124436
0.124436
0.124436
0.124436
0.124436
0.124436
0.124436
0.124436
0.124436
0.124436
0.124436
0.124436
0.124436
0.124436
0.124436
0.124436
0.124436
0.124436
0.124436
0.124436
0.124436
0.124436
0.124436
0.124436
0.124436
0.124436
0.124436
0.124436
0.124436
0.124436
0.124436
0.124436
0.124436
0.124436
0.124436
0.124436
0.124436
0.124436
0.124436
0.124436
0.124436
0.124436
0.124436
0.124436
0.124436
0.124436
0.124436
0.124436
0.124436
0.124436
0.124436
0.124436
0.124436
0.124436
0.124436
0.124436
0.124436
0.124436
0.124436
0.124436
0.124436
0.124436
0.124436
0.124436
0.124436
0.124436
0.124436
0.124436
0.124436
0.124436
0.124436
0.124436
0.124436
0.124436
0.124436
0.124436
0.124436
0.124436
0.124436
0.124436
0.124436
0.124436
0.124436
0.124436
0.124436
0.124436
0.124436
0.124436
0.124436
0.124436
0.124436
0.124436
0.124436
0.124436
0.124436
0.124436
0.124436
0.124436
0.124436
0.124436
0.124436
0.124436
0.124436
0.124436
0.124436
0.124436
0.124436
0.124436
0.124436
0.124436
0.124436
0.124436
0.124436
0.124436
0.124436
0.124436
0.124436
0.124436
0.124436
)
;

boundaryField
{
    sides
    {
        type            calculated;
        value           nonuniform List<scalar> 2(0.124436 0.995488);
    }
    empty
    {
        type            empty;
    }
}


// ************************************************************************* //
